start_date <- "Apr 1995"
end_date <- "Dec 2017"

lambda <- 0.0609
